1029
4693
6871
4974
9856
9952
6442
5941
2928
6721
8234
8431
6298
1830
7201
6457
2167
5058
7812
386
5702
2670
7371
831
5375
6939
8520
3941
6861
2703
4588
8846
6703
5853
3943
10708
2573
754
3440
6236
4200
2732
3519
8670
2716
147
8318
8995
563
2145
7118
4793
817
1458
7881
326
7168
1448
10533
2493
293
7336
5033
20
673
5968
2842
8279
5974
1886
6170
7504
5858
10450
2938
2768
4969
6779
2425
10200
5408
7989
8280
7715
5135
4722
9304
6311
3847
8346
8308
7080
1968
1657
4866
821
4554
7514
7700
1293
1304
7619
1150
7764
9168
2312
1384
6987
4171
1771
7916
1173
4321
4927
4229
7081
8138
4379
4801
2269
1938
4287
878
1030
6675
3748
7961
2962
953
9461
1545
4772
2593
3533
4766
1723
9490
9007
757
7021
1286
6644
4134
8455
7976
4188
2830
9909
7043
5482
3282
6099
2690
4305
1120
10108
5324
4875
6377
4562
10306
6331
2458
9763
5540
2887
1765
6454
10356
8787
8915
988
1704
3837
3413
5423
219
5903
9190
9569
1739
4689
9958
6623
6819
9050
5166
8755
233
2363
5144
4154
7350
4739
1356
3424
10484
3308
5601
1888
5425
5632
2100
4461
10716
2279
8976
944
6352
6857
9429
1338
10696
1645
9256
10509
730
2276
8625
2090
2078
4779
8413
10140
231
5875
8481
718
236
5612
7775
10290
10328
3095
1526
6951
4618
7758
2767
7182
1524
4284
8391
7394
8956
769
8626
7465
9210
1475
10084
3206
1
3739
1601
9568
5308
3477
9357
7459
7665
5370
539
3106
10254
10686
5779
7780
3553
7741
950
4170
7177
10698
5506
9341
7914
1808
8968
7813
3010
3289
1892
2410
1233
8816
7747
283
404
7838
8760
2752
8243
8998
9649
6587
8965
3593
7325
8339
1102
5755
7436
9647
7890
525
4568
10463
7553
6615
3527
3969
8126
5915
7327
9530
7969
4453
1191
3567
242
3141
7314
65
2543
152
4094
2990
7280
9369
4458
3200
4863
6295
7539
3801
9387
8820
6763
2301
7205
10009
8914
4996
1474
5520
6611
4076
8699
7252
10016
1218
9847
6768
444
4457
7736
2929
4647
5852
648
8929
1800
918
6505
2964
5814
9906
2383
3374
2399
9158
32
1364
2688
8663
6220
6744
906
6406
3071
8844
7695
1661
9672
3404
1654
4916
9441
8594
9548
6347
9414
5603
2442
5518
7804
2028
10161
10120
7618
928
2982
1580
1557
2870
6466
10279
6110
6998
2370
558
4797
5010
2203
7948
6670
9634
10420
1194
7147
5400
8197
5457
7037
3939
4470
7328
8270
788
8060
5722
9681
4676
2514
7707
9182
7814
6259
7288
7364
4877
168
1265
8163
6915
559
6063
7819
2024
6444
2951
2480
3899
3818
583
303
5002
266
8540
10432
10587
5973
2452
9229
5346
2184
8749
10578
1591
768
1116
7065
250
5919
7921
693
6189
5956
10661
9272
3417
1707
1626
6497
299
701
10344
3461
10482
10007
2942
926
1010
3405
5481
2875
1371
1695
8421
5527
667
3778
245
8366
2252
892
1537
9011
4466
6404
213
1596
523
10071
89
1620
9487
4780
751
4817
859
500
9243
8568
413
8227
7611
5630
47
5916
3458
4360
2908
2355
8327
7107
5282
1729
3717
7024
10622
3766
2302
1627
5038
6820
6674
6168
2644
8194
8112
7871
2211
3691
3302
6700
10038
3522
2476
7330
710
4931
3386
9877
5614
9890
8619
3868
1908
3406
3573
3961
9889
2294
4449
7841
7675
10412
850
6495
8597
690
5256
177
5376
9334
3365
2825
5487
1960
7839
6027
9491
334
4539
2707
607
2630
8590
4072
1020
2368
2498
7696
7042
2864
2132
1129
8369
2475
4144
3611
7894
7757
9666
8212
7713
2428
8772
5211
4957
4226
2213
5712
5726
3865
10712
6981
937
2721
2579
6997
8969
6392
4694
1057
9603
33
5578
3117
4515
6652
6475
1644
4675
10590
4551
4204
6512
1503
2482
9839
2968
6547
9406
2020
3476
5101
7719
1179
3174
750
8659
8330
7789
8222
4771
8552
7027
2327
8377
9057
10145
460
3985
426
4509
9753
5393
5979
6395
10257
3820
71
7007
543
100
9607
2621
9043
5458
7635
474
3366
9137
8103
9246
9178
5519
7584
173
8987
5247
82
5021
4240
3931
451
9069
3159
9937
5413
889
6225
4401
1463
302
4611
6823
1732
9130
6322
9612
2117
1509
2858
4552
8130
5387
1655
1955
3390
6397
5992
3740
3819
785
2854
8746
9021
6559
1497
2980
1353
1084
6767
9673
3730
8708
8834
6136
6235
3632
6326
6164
9356
8904
6899
3582
9842
10540
5507
5432
5883
3150
4966
3460
4064
7384
8380
6586
10030
5740
5534
1403
8031
10358
468
6188
9925
4350
1915
8928
5837
4057
7885
1137
9823
472
3205
9635
76
9516
4595
7966
2662
10693
7358
691
314
8322
368
4113
8110
1382
7035
1190
4598
5616
9386
2168
7173
10601
1289
832
1496
2760
6206
8840
2197
10159
2979
3526
7770
686
3759
2623
3572
4096
1254
8436
356
7601
2128
5063
4847
7629
2599
7867
6859
3209
749
3345
8953
5908
2336
9408
7229
2194
2714
1640
7986
773
2918
970
2381
375
1231
1624
5643
5920
5440
9215
1186
3463
4547
367
6858
591
10380
4637
2917
5238
10004
10023
3
7623
7882
828
3514
1421
2324
8304
6033
4499
4977
1210
10615
3283
2888
1909
8255
10404
2946
4490
9966
1105
4690
1999
2209
3513
5391
4066
5365
5040
9595
6673
7927
10702
2037
1504
4776
3749
1711
3022
9470
8438
8630
329
252
7998
463
3375
8957
2467
9508
9239
9036
8853
9728
8901
1046
8562
10021
19
9343
8146
793
842
6639
3236
3384
7698
1063
4361
5414
5278
4842
10008
506
10552
4250
7285
1959
7249
2071
1038
5836
149
1107
9650
7544
1489
3786
7170
8578
9497
5077
8378
8686
5566
6103
4327
3844
9286
8847
4178
3221
6211
287
1516
861
3320
9835
1259
4619
9701
6451
3662
9382
1933
4550
2278
2256
8717
10250
3088
166
8226
3532
3006
644
8003
1109
929
636
6478
8237
5171
1587
2094
1872
8352
8536
1636
209
6447
1175
3370
1682
3056
5562
3933
8445
6273
6283
9583
1731
556
10006
5027
3633
10061
3696
1072
5672
26
5253
5642
3331
4625
3725
5153
7500
9030
6990
3661
6764
3451
8471
5937
3728
8556
5450
4517
8819
5948
7271
9228
8216
9145
6179
7906
1715
5945
4783
4447
5638
5259
3135
2216
10281
6421
9329
6226
272
395
2987
8898
10276
1703
2645
2892
1016
6685
7902
8759
2138
9577
681
7311
10658
1277
4798
2366
6391
3506
4130
5294
6246
6169
7186
1919
3944
3430
4858
9689
6124
4309
7767
7815
7333
843
8907
2196
992
3453
7725
1746
2016
2912
5437
938
7525
7352
1453
4564
7756
5629
6190
10062
8752
7100
1023
7520
5704
2972
8159
1407
4135
9706
10662
6926
6592
9586
1653
542
6014
5524
2253
8215
7374
7836
6659
3017
10604
5817
92
9159
2095
4316
4986
10105
3411
6021
1316
4807
676
421
4883
3081
7577
9566
6566
7940
3945
8992
10366
10624
2146
8962
2851
5036
4110
9262
767
5479
10571
4048
6153
1079
7473
9330
647
3304
1193
1248
1638
10070
3713
5023
2257
5747
4393
1479
2661
2443
6841
1843
8706
2237
324
9888
9254
4279
6490
6239
10203
588
4952
10699
10143
7975
10063
9723
4139
7149
1525
1609
1012
3977
3673
7200
9196
8646
7004
6692
9403
7683
3348
180
2683
9896
5433
1724
10491
3549
5998
10082
5109
9385
1131
4713
5460
1818
9244
1226
4404
8459
5978
10692
2910
4055
5068
222
4243
1412
6783
5933
915
3322
1156
4195
1720
2235
465
712
7877
2386
4183
7628
4372
2734
9336
8656
5156
8985
8224
7634
1279
575
2743
3279
10431
4485
5537
1162
7745
1670
708
10691
10732
487
4467
4150
7503
5834
5385
8808
9703
3987
1122
5344
1237
10045
8778
780
9139
2746
1570
5557
241
5504
6316
6237
9750
9301
9221
3301
8144
5303
8610
379
10355
1839
10471
7895
8044
7910
10028
3829
9538
2991
1228
531
8861
8818
7198
5136
936
7689
8101
6942
10513
10359
8281
7699
7056
3618
1799
9895
692
4312
9852
1370
872
9240
5996
7840
4934
296
834
2419
1946
7515
6941
7055
6248
939
9068
1914
163
2548
5547
6141
4004
6013
6682
5051
2932
10
5552
2096
10655
4267
10131
5522
881
6448
2640
9206
8722
234
9998
8437
10025
2995
4961
772
7513
2641
8513
5352
3349
10057
9395
2810
10434
8925
8894
5201
3394
8571
4715
1040
7429
6568
6740
7287
3677
4024
5571
6888
8294
4319
5718
5640
2321
1822
2142
4559
9948
8603
2718
4803
143
9515
0
10566
5117
10407
3361
8064
5405
4067
3650
5619
9775
8217
4747
592
6008
4318
1512
968
1464
8515
350
9523
5330
3414
7732
6571
9156
9601
3560
10495
397
5505
2103
5429
7649
677
7116
1755
2154
8801
6810
5729
8362
6410
3610
4646
7405
6257
9804
8408
6624
6250
8451
3325
1566
2615
8452
8881
5536
1104
3459
8329
2212
3290
7039
10139
2564
4765
7870
9990
8595
7073
4958
7672
5955
3086
1163
9237
10627
870
4581
2806
3587
9027
6842
7130
113
10593
10588
8721
3641
4185
9281
520
4274
5165
4431
8376
10155
784
3360
4338
3462
10194
4234
8507
4778
2817
135
4294
9493
624
4686
3464
6844
9455
304
8892
402
2290
5584
5461
6743
2989
8111
3770
6936
6472
4125
9118
9087
6231
10283
8821
1942
374
2420
4653
1652
6148
3570
8850
3504
6407
986
6217
2234
9289
3561
1268
5731
10555
7594
6681
4416
6917
1923
1486
7464
8368
9354
4155
643
3842
8040
6629
2434
10525
7934
5328
1230
2143
1842
2627
5711
418
2287
10538
1664
4011
8273
4585
2903
4421
51
9034
6354
3044
9806
6770
5241
8527
5454
10563
5715
3407
10619
1380
1432
5204
4773
7883
8810
1826
10047
2605
5000
6088
10076
10162
6581
9183
7166
9378
8547
3536
8086
2350
1550
7774
7079
7041
1734
6814
7054
2562
9211
4052
10300
5107
7345
6023
8993
8487
8214
2539
8446
3070
10088
3743
10610
6504
6963
7784
1791
4519
7274
2214
10093
3637
4481
4486
6485
6712
7156
4102
4887
6054
7833
2330
8997
3109
8462
3873
2359
6620
1078
7368
9485
7888
6104
2582
7324
9112
5789
1385
9079
1308
10632
8398
372
8453
2018
8428
5076
2531
7085
5620
5174
7241
7640
2956
3546
5446
4520
5631
6165
2759
8265
5802
1128
2329
341
6986
6798
7089
6329
300
8267
2114
6445
6431
9886
2163
200
1015
8108
8843
3798
7258
7809
4725
8115
7806
432
6573
5545
148
203
3060
7292
417
3913
5227
9525
7099
2070
2921
7960
3287
2009
5759
1973
5355
8838
1198
126
8903
9037
5309
1635
7768
4652
820
5580
1461
7593
2107
1966
5257
9070
5785
325
134
695
6980
9360
5420
10098
10633
1121
8004
8678
4724
2372
8734
8538
10706
1859
4989
9833
6994
7101
8702
5744
5591
5470
3183
2231
3525
2246
7743
9333
6582
3181
4445
3828
8341
7507
6233
2497
4767
2086
3011
1153
4288
3077
1813
1006
9
3381
4991
5886
4419
977
6053
1151
10027
8406
8887
10176
10096
7959
1419
9851
9376
5280
764
4450
4165
3256
7264
6161
9085
7278
8588
4844
6020
2638
2528
4275
9398
9134
5123
5890
116
10469
6359
8859
1296
6222
6297
7924
9967
2818
845
333
7425
5867
4671
7023
3284
10079
279
4480
8926
9279
7108
2199
7603
10388
6412
6166
7935
346
4922
5198
4133
136
4854
6191
10137
4494
1200
7078
8174
7191
7305
9208
5078
3427
3571
290
9821
5543
6664
615
4531
5644
5474
9624
6553
10626
1944
9962
2581
513
5678
10711
1600
3585
8514
3960
5394
5179
3693
1671
934
2485
4111
10400
2541
8005
1810
4323
3078
7110
4692
8893
509
5369
1864
5724
167
2429
3647
2068
6672
2144
5826
3558
6314
1381
1164
9241
1360
3099
2471
4655
6602
214
2225
9425
632
983
5924
7857
9423
8015
2827
979
6530
3278
10248
7690
6321
4352
7430
8430
6092
3676
8592
5132
2026
3383
7400
991
5199
5045
9138
3756
1840
7270
8247
7248
3184
518
3792
2725
4456
721
8989
10543
3684
8664
4475
3420
235
6438
7859
4124
10487
827
8248
6832
4888
2042
2861
5624
9555
4233
3240
1005
6290
10427
2530
8784
9546
7502
858
2939
548
5015
8551
483
4056
5775
7680
9743
1549
2297
2125
5818
8298
7942
5932
6214
7367
8523
3046
8978
8587
9044
900
4032
10648
5039
3827
5145
6202
7298
4910
7231
29
7994
7450
10138
4970
5490
4179
601
2500
9688
9328
4626
2161
6775
4666
2676
8959
1223
10582
3919
3621
7014
7748
1692
4237
1693
8972
4362
6780
496
7016
7872
6435
1770
2182
2032
5897
6774
9663
1101
5065
4003
5753
2515
7022
7479
887
3169
8233
8184
10394
7586
255
5827
6002
9535
5523
2820
3858
9415
7853
6039
7923
4650
3268
2971
7378
2692
7946
2283
6467
2518
1205
5056
9828
238
3812
3615
3845
4347
7844
1275
7395
8238
7776
6868
3861
2755
7357
5248
3548
796
8407
2217
3710
6904
145
4021
4400
734
4913
7845
1051
273
6032
8776
7304
6486
5155
6501
4375
3344
387
10616
7803
2025
8348
8469
8275
4074
1071
10308
6872
157
1161
435
5184
5628
8456
10688
2205
9023
1103
114
4263
237
7184
9819
3846
2919
3790
4298
8986
5059
6934
6260
5768
9146
3468
1853
10502
8652
3745
824
1462
1831
7462
1598
528
2074
7889
665
9481
10348
4422
10182
2319
9460
7112
5069
4336
1327
4420
8383
1196
2004
9404
4695
3162
3502
3101
1469
8155
902
1202
4855
7517
9308
7943
844
1263
2130
4429
9914
6838
6070
1414
5738
5550
9874
6341
4197
6825
5289
4529
7663
9098
4538
10271
7488
8785
8372
5586
9615
1603
7398
4670
8365
54
7523
90
8744
7970
2112
1484
2693
2006
2494
6651
3166
8918
4444
10247
7788
2636
5700
1217
3410
1500
1334
3893
8077
8631
9643
9179
897
5311
2736
3669
4612
4942
8632
3038
9678
3218
7702
6827
7879
8726
9467
7762
9089
9293
7737
1988
7259
2876
6365
8645
14
4563
9442
6536
3806
1574
6493
1647
2730
2338
2723
9669
4369
621
174
4826
1562
5669
1341
8581
9344
7354
9160
9018
3364
1583
2239
2200
3480
3586
9968
492
4009
6732
6108
10214
6282
1579
8121
547
2580
1215
8612
6137
3371
10302
4022
4558
2427
9636
3235
6637
5502
3606
9218
3369
7552
9956
15
1602
4141
6340
7834
9205
224
2702
1833
2473
5390
1429
5495
4570
10087
1000
9435
7066
9949
3204
3638
3694
507
4034
4919
2432
7863
6657
10010
7846
8911
10234
9929
4705
5050
327
7469
4381
6933
10572
9447
6055
3562
9129
7595
3604
2885
5570
10724
4734
1285
3326
9055
5565
8196
9727
5829
596
1398
4078
10378
6595
3566
7113
3132
8869
3311
6318
2063
2898
9157
353
5556
7489
9879
3342
5374
4742
9579
738
4145
5776
7167
5530
4657
5157
4015
2617
9444
7944
3594
1641
5378
3346
3229
5381
4302
1459
9448
6529
5637
1300
5226
10512
9539
10494
1134
3000
5293
3932
6129
9657
5351
6144
357
2936
5354
4382
6017
1436
4576
5210
6880
10542
6068
1867
8132
9473
7020
6328
635
10367
5966
10133
2335
10307
3455
10734
4063
3555
9233
10272
4271
805
9799
9916
7606
5980
5150
2748
10731
8482
7653
9505
7536
6650
696
3874
8092
9936
3736
576
2612
10165
1535
8672
6386
8385
7848
3188
6918
7220
6958
4296
4008
2075
4138
5771
9358
990
1827
6948
7424
10244
10568
10193
1232
7067
8073
4561
6400
516
3892
8563
10442
9105
1801
8178
10186
4904
4590
5531
5439
5274
3538
4469
3732
1561
2041
9911
4408
10243
1069
481
8942
10333
6862
4649
1681
1518
10374
10583
1441
9855
9619
7835
1294
8879
10060
2866
3269
10585
3508
7410
8537
2959
6353
7749
8250
10226
9180
6974
6745
7018
5787
202
6287
316
6193
1990
9426
8643
3754
1056
2316
2247
4097
4291
8442
3350
4622
2271
5676
9088
10392
5899
6299
10534
7470
9836
4936
7212
363
2416
5172
3982
7401
1866
7300
8229
2808
3319
6413
2241
9711
7543
4664
8792
5295
2023
735
9864
6198
6856
6800
2632
6636
1773
6877
4025
9902
8945
4627
3716
3660
7310
6029
1806
4750
2873
5548
5943
1766
9742
504
1553
1918
1201
63
3353
9108
7915
8773
6846
590
8075
5606
9887
10253
1780
8261
1375
2304
2868
8489
5339
9173
2822
9536
5422
9071
8697
5091
10134
1868
4819
4905
2535
4770
5251
3110
8296
8955
7755
2499
743
4536
10149
5380
651
7739
2575
1943
7787
7346
9869
7388
7865
7571
9794
3689
10130
1803
5037
5952
5188
3652
6294
2249
725
4698
1663
1679
6306
9987
1209
2781
7529
3885
10559
3773
6150
9126
10473
3722
6113
3112
2474
3972
1270
8687
5163
3541
3882
6368
2907
9576
4324
1725
6470
9677
3030
5918
2904
9705
1961
1260
2284
704
9062
1857
9872
4569
6669
8037
1531
1595
9786
10668
10113
2522
8607
464
1761
553
9789
8613
2115
344
10370
2601
9908
7235
2340
8070
9224
7369
5396
7214
8151
6757
4439
2805
5138
6865
5546
7139
3774
9565
4874
9917
6762
5551
1740
331
4660
1847
6686
9298
6707
1111
2965
7386
9245
7499
360
9217
6984
2657
1061
2047
3008
6139
8937
2550
3191
4186
7188
5983
3378
1694
6422
7790
7133
10013
454
6929
5682
4911
10168
8201
7658
8539
5268
3262
6152
6439
6258
1588
9152
2051
3574
60
7901
5099
498
4441
320
5576
10324
433
6956
5647
7132
2153
3895
7753
1024
3076
9803
1383
2984
7315
2029
4433
1817
1333
3436
684
5666
6245
10438
10146
1468
9974
10073
278
228
752
4128
804
7363
726
10498
10603
6822
8182
8253
8779
9770
9312
5780
85
9162
3643
7196
4348
9567
1409
7146
10395
8981
9685
5119
4908
1798
568
2385
9064
9147
5815
5143
3839
445
6930
9999
366
2131
675
9430
1195
6224
4354
1155
10422
1702
10493
6676
7153
8320
783
3888
6045
10577
765
3934
4199
6496
10486
2985
9558
3803
7092
4086
2694
4682
1152
941
3069
4605
6517
6403
8611
7213
221
7709
99
1898
9418
10183
4697
5273
5044
10448
9220
6057
3965
8401
3648
1437
182
565
10330
5982
6516
502
5382
8317
9186
5254
2798
9468
7397
3917
3466
7294
4901
5528
4358
2654
2479
3084
6738
1123
3851
8000
8230
4484
5110
3267
4784
8498
225
6389
7329
7729
7772
9438
10461
3916
6458
6756
9026
505
281
10273
7712
1667
756
5833
2913
4870
9463
10618
10480
6545
69
8100
5206
5070
9407
6718
2052
8522
10224
10207
6864
5106
4326
5154
9501
818
8331
9734
7461
8259
912
9953
8723
5879
6242
9002
10690
10122
7554
3098
6192
9927
259
3876
5986
3129
2403
9939
2394
1488
6434
8358
7457
308
5225
2496
1292
613
972
8973
3312
2059
8932
6617
8371
3761
10381
7937
3672
8922
10519
716
5848
2510
18
1517
4845
5130
5905
9411
7313
2930
4390
8559
4245
879
3665
1824
7243
4641
705
10242
7579
534
9814
5649
7291
1954
657
4459
218
6919
6371
9280
10067
10309
5689
7006
3090
4409
9345
10174
336
5881
7936
3053
8083
5031
4182
7456
8444
8807
6005
3102
4853
5213
2511
4719
3126
495
5928
8938
2812
4417
6419
1406
9492
9893
4946
7239
3993
2334
1745
8268
10369
3274
10653
8996
2242
6754
6910
9302
8754
3707
2794
5912
5909
473
3834
2792
622
6405
24
10178
8575
5148
4994
9846
9985
8494
1978
9589
661
10714
1816
7802
1269
3953
2409
8047
7136
10449
440
849
6804
6574
1792
10479
9353
2679
2529
6140
2664
5742
9574
1266
8504
4907
8186
2570
5501
8118
6061
52
2438
8424
2770
73
9825
5348
7984
9730
8206
4964
3620
2957
1324
139
170
1083
8644
7011
6886
8913
2651
8321
7036
5877
880
2757
2147
7477
443
2462
9811
8326
10636
2758
6719
1099
9776
3592
4574
8662
3920
602
3143
4505
9093
5086
2116
6043
5658
6731
8135
5115
4939
8463
3152
1728
8573
1697
3340
156
9920
10259
3879
10440
8549
3079
7029
9172
4413
2552
10241
8426
77
8236
8333
7263
6229
9768
8545
2653
7688
5267
9361
3097
4446
4867
6015
967
9001
9797
3692
6483
8019
8534
9316
2345
3520
8517
5891
9163
5846
6308
7858
9359
618
6711
4342
2793
8639
8450
8072
9651
10199
5892
3085
407
2565
2317
3731
5976
8647
3258
8235
2308
5043
998
1062
1958
1410
808
1396
3473
8116
616
1388
5856
6255
4656
8143
8851
3241
8211
7754
5605
10475
6028
4711
7664
5465
8128
4157
1605
7660
5061
10685
4510
3758
6319
9164
2649
549
3488
5885
3131
3670
7185
7898
2943
1523
4406
9297
1878
3686
7082
4954
10352
6879
9699
7793
6665
664
10544
2166
1730
2397
1890
1443
4621
8484
6733
9242
8745
5809
181
1586
1160
2839
1776
9561
2642
4424
5312
10014
4500
10015
8417
3859
2104
7194
3875
4071
7045
10091
2625
1565
10321
2877
5993
427
6660
2558
7275
10631
8608
4736
9630
3658
700
1142
9191
6089
7674
5613
8786
5541
2230
9760
10041
6087
5301
763
1501
364
1522
5494
7704
10326
2778
8063
7963
6813
9865
4846
3869
4799
1418
10066
9368
5399
129
9982
3416
4132
6905
9135
447
2720
2628
7026
1440
1242
5690
9983
2069
7269
5094
3248
10065
4507
5095
5825
8191
191
6048
6095
2671
866
809
862
7498
3927
511
10011
7242
10150
1629
2461
1721
446
3614
9827
8814
7791
10709
3164
8809
3720
1349
1515
8094
4806
585
10189
9973
7299
4107
9979
5985
7722
2853
9655
10228
3119
6481
1666
1716
7615
822
391
4304
8602
9587
6450
4821
10075
10457
2555
3674
6078
9527
5811
201
6689
9717
5770
6120
3354
3167
3189
9943
2484
4005
1199
4789
115
5242
1741
9149
439
7454
885
8740
3640
10704
5497
5555
1482
5011
8360
9084
6332
10166
9132
6272
5508
6172
5343
9144
3860
284
3125
6892
4896
1809
1295
6795
7208
438
1244
5869
2953
3556
6074
6430
4365
8353
10597
2727
5615
4553
2049
6369
2244
3646
3733
3299
9207
8336
3826
307
551
9259
2046
6860
381
8871
6882
6992
8541
4959
3497
6320
6811
1108
5217
7497
2931
4699
223
10634
852
108
4295
10557
3317
5258
452
5202
4099
6038
3111
4216
5511
119
3886
2856
9691
9092
10518
3849
4752
5683
5262
4944
428
10019
10124
8433
4716
4587
192
6085
9581
3811
6305
2733
6940
7532
3746
5215
4549
4604
2436
3201
10478
453
4162
5372
9348
6370
5427
7912
4593
261
10181
5483
1895
2224
1181
10565
2738
3487
9769
9668
107
2447
10158
4785
1972
4925
3059
3245
10726
9725
7486
388
4050
1687
5835
8096
2969
4106
5319
9412
8386
1744
3357
9364
3257
7115
3938
7548
8150
7236
8841
1420
1457
9355
7991
8927
1874
6653
1986
1604
9532
5577
8641
396
9894
5558
8704
1100
8210
2012
8605
1677
4932
3824
8593
6082
70
6216
2994
9351
3475
7448
4483
7109
4114
1166
10476
8039
3852
9377
7063
10550
823
8283
7297
6544
1689
3323
7538
3867
6506
10681
455
1054
2977
2185
9978
9521
7090
249
5847
10164
8908
4579
2589
8097
5667
4213
7598
7905
6558
10001
6878
7131
10433
9014
2175
4790
5769
6557
8429
4756
9201
9225
5778
7028
9269
400
2961
2307
3629
6207
9790
9791
10539
3363
1852
10291
9961
5419
1405
9859
9661
8203
8796
5142
7216
6093
8402
2022
3491
7950
2819
8263
7224
882
9758
4613
6285
510
7403
3170
652
8868
5245
2944
3156
8940
4642
2669
557
9549
9509
7375
8361
3422
6977
2545
3336
4395
5221
4827
6355
5737
8532
9837
2353
7510
5723
4831
8579
10551
10357
3521
3402
5026
5100
10722
7030
4193
6890
3469
604
7141
6824
7533
8305
5962
1239
3630
1180
2765
1883
5535
5830
9520
7604
1004
6680
4607
9174
2855
9553
4502
6210
10301
8742
8219
3127
7432
7124
10102
6119
6572
8153
8056
5699
8518
197
2890
9151
2483
7382
390
1211
5008
9986
7873
4591
3767
294
1514
3247
8971
8375
4503
2937
9832
8010
1880
1148
4038
8162
3981
7455
1920
7852
3439
6580
4761
1582
6409
5661
2952
3528
8788
6044
6107
7053
3569
8311
5459
8774
4161
4967
9795
7442
3542
3584
678
3096
1706
5564
3631
8683
3163
4762
8806
888
5714
8032
522
3080
2608
9594
2085
9170
2204
8730
640
2097
4464
5111
9195
924
1318
4822
6647
1906
10526
5478
2459
6924
529
6288
8050
6855
8140
9113
2813
9235
1367
8284
1928
8373
172
9644
88
382
6498
4973
4285
7673
789
1008
205
3272
7381
5178
5182
1876
7887
6903
3793
4813
9213
5467
9866
1993
5873
2492
6500
6171
6598
8046
9440
56
210
10445
10316
9471
5032
2922
4049
959
8724
8192
6534
2192
1805
7997
9120
13
6356
3735
747
2387
7638
4712
121
8970
8045
4370
1176
4174
2557
1613
5411
7727
6401
10532
2879
9830
2677
2674
8695
4117
7987
10507
6826
1660
8180
3706
1197
9204
7134
1220
55
777
9628
589
1495
8466
9704
2920
9662
3298
6090
9125
5627
1235
6696
5244
863
5
6601
4042
7207
6265
5950
2127
176
3005
1373
10700
3891
5084
7631
9350
3136
8472
8090
1106
732
8076
1975
577
4835
10353
2027
6834
179
8954
6335
3025
10405
3190
1238
5298
4614
2347
6533
1485
8335
10642
1863
5024
8390
8577
8257
7192
2666
7303
4956
5561
9462
4265
8027
10148
10111
1344
8241
9122
6059
10517
5017
4744
2663
8825
2525
3698
7759
2680
2606
312
7777
8960
5296
9684
5364
8509
3482
2773
9451
10609
3471
9397
9755
10377
3377
4191
7451
411
2622
4920
5004
4426
8815
5314
5473
8066
7508
5596
795
898
3540
8991
10295
8403
8347
4246
7592
2844
2840
8422
359
8990
9993
10337
2801
6149
2489
7434
6262
3306
2402
8008
10720
479
586
4506
3936
3857
1650
1777
6151
2053
7284
8122
9143
4923
7609
1133
2616
10613
2289
1931
5113
7051
2314
7733
4035
10382
4198
416
10184
7564
7061
4999
7390
1221
7705
8503
1183
1393
2176
9271
1439
4290
3721
810
2940
1977
6850
7632
354
8074
1139
9897
8119
6507
9325
6564
4437
4016
4955
1229
3708
638
9142
10611
2186
9251
10175
3216
8081
668
6535
5212
4544
1450
4850
8276
2444
4548
31
9815
6455
1305
7148
3412
10666
7484
5326
10020
93
10654
1253
9754
6603
4261
9599
786
10205
2504
3957
5363
8468
10425
6965
8307
4112
978
1506
1312
981
4448
9482
6114
7452
7306
7891
2286
169
3307
8506
9453
2326
9585
9175
560
8337
8282
5608
5075
7244
7308
10287
10444
4266
6901
4286
1881
746
2859
4740
5013
3489
1870
10225
5054
3608
9335
9992
947
275
6125
271
8677
9436
2346
2590
10258
7472
3955
2261
1675
8822
7272
8738
10163
5773
7811
4047
6344
6766
7570
3925
2441
2960
3711
6914
10393
5987
9923
6791
9700
1189
4353
5164
10327
4215
8512
2659
8951
4575
1790
6683
9695
555
8505
530
6436
6227
7817
501
594
5291
4979
9081
1187
9321
7163
5607
2293
10201
8145
8669
6628
6528
270
6891
8775
9648
6714
4160
1309
3239
2221
1018
1554
2245
3501
6313
8051
6240
564
9901
3940
6213
10329
5129
2298
2775
10229
9659
5477
9307
8553
702
5622
825
1764
4592
5160
406
1584
3002
8720
10368
4651
10128
3729
8714
9375
5865
6742
8642
8158
9954
10485
9416
3372
8177
6921
8002
4391
458
1540
5953
5120
2682
1552
5621
6468
7718
9059
9912
4775
9194
3902
3016
2891
5654
2079
3718
1756
3408
5910
8207
3681
8035
4599
6807
8533
9693
3946
7265
5781
2708
9862
9047
7181
4412
5739
2899
1752
7420
4703
9812
966
10426
11
8474
3032
3816
7981
5538
5263
7268
8439
5260
1319
2724
5025
2634
9614
3124
9393
10589
8766
2566
8691
3019
4914
2332
1082
10602
1860
5756
1913
3066
2656
7102
4376
619
10170
5464
1750
4825
1041
5610
6599
8412
6690
5286
5741
10322
10188
544
6134
5588
1465
633
8013
4963
10059
1066
5389
489
10674
1246
5281
8658
9136
2313
39
10584
9346
3391
10514
2884
6889
10409
4146
6424
2614
2460
2800
6117
9500
3419
2455
5249
3428
3649
2123
3105
1050
3285
10107
178
800
2418
4749
8924
8175
3616
7612
1807
5264
3014
7582
3400
6634
9989
8830
9756
7864
6989
8524
2637
5851
8492
9867
10320
2105
8780
9063
10516
8560
9038
1331
3928
8781
10135
10313
2544
1278
8277
104
6776
4427
6084
9214
2031
9934
9388
741
2754
4489
10733
9741
2832
1708
5334
8782
10679
6884
5839
9009
9598
3581
10396
160
4669
9843
8055
1538
1779
8614
2164
9219
10035
9556
319
1869
3605
1021
5176
9690
2421
3524
720
4834
7655
6133
9810
1086
3855
6584
8673
1811
719
6204
1392
3255
1028
1551
3068
9371
1921
3445
4878
1287
3550
2171
1683
8084
10051
8770
478
1632
2282
10727
6480
7917
3995
5415
1987
5585
1022
3158
2232
2036
5194
6787
9394
8012
8544
10680
4153
10411
4273
3031
1117
1039
2445
248
7008
2823
5705
10101
9667
1118
1044
8048
9432
5659
8411
1865
4987
9713
7701
8465
7750
10034
1473
7519
190
6333
829
1052
2833
6947
4673
7847
6843
3376
1861
1362
1073
3015
6219
4292
3705
10209
1534
5305
6796
6802
7047
6317
6494
10310
206
8849
5336
1836
4256
570
2836
5209
1530
1879
4921
5914
6022
9264
8006
920
4254
5189
3341
6361
6560
8665
3292
2274
4820
4046
10413
1659
5079
4253
3589
7908
3568
4368
3362
8418
6076
8356
7309
2446
4992
3755
5304
2299
3359
4869
714
9310
4560
8710
6849
4248
2658
2648
9623
9054
6121
5232
9540
7522
7627
7648
9547
1168
3234
7589
7372
745
5736
6806
362
5159
1317
7359
7219
4061
561
848
3107
9560
9464
1090
1528
5208
5611
1258
9005
917
9502
7953
6479
2361
8117
9141
6208
7666
5102
9236
6460
6205
1797
5645
10529
434
7339
3959
7785
2592
5152
9884
3448
2933
9370
5498
3259
3392
5338
2534
4120
8889
9392
1454
10000
10198
8510
8728
4580
5186
6427
3403
2560
642
7253
4100
3134
254
154
9287
2784
7778
1996
9270
7614
7728
10179
7210
2761
5521
5963
2439
9950
4109
7684
10077
6908
7222
385
8743
6291
1930
195
7158
9503
9964
9858
963
3612
2000
8891
3498
8109
3103
819
4148
5366
5386
262
7233
6415
2963
2061
4468
7945
6635
1691
8476
2102
6302
3880
7320
1182
8623
814
3510
3747
4768
1397
3796
5085
10126
8473
4013
4781
2554
4030
3474
2388
5660
1007
5401
2118
5072
2902
10110
8543
5925
3701
672
4079
8167
6437
1536
1970
9928
6465
9184
2681
2149
10097
10659
3697
4384
6232
4394
4513
8149
1060
2726
6875
1413
851
1088
8826
1264
4000
9926
10217
371
3800
3769
1760
7406
8124
2233
456
6922
3050
10649
4377
4167
688
8061
9570
8812
8262
3233
3797
4710
748
2466
515
9306
9656
6772
812
5696
7281
3441
6307
6982
8910
2322
9611
1848
5403
6898
6518
7316
2774
8618
9323
5907
30
816
105
8675
10660
3763
8733
476
9230
4176
10640
6037
6097
9820
6809
1674
5371
9625
10497
96
10239
9166
10142
6362
8600
4214
10363
6363
8223
2265
9318
6561
9008
6509
4620
7933
6241
7954
9779
7187
6729
658
6710
1856
227
9248
2356
7190
7005
4451
4886
8948
79
10103
2343
5407
5035
6753
349
7805
4482
5860
5112
9813
425
1992
1310
1936
7751
5554
4187
9101
3871
9202
3507
4010
2055
2675
2454
7900
584
4346
2992
6585
3565
10586
3683
3862
3100
5055
5959
907
567
7044
3622
8604
4328
4075
10687
10303
8225
4680
1593
8388
3596
7361
6019
1174
3277
1875
7387
5514
8397
7091
9942
9349
10730
5261
4643
5650
1127
9910
5692
8106
722
9260
3397
7972
467
7476
3270
10040
4397
9696
3123
376
1017
9051
3244
1851
9155
3266
9291
268
8105
4843
2527
3590
6268
10072
9019
2339
5790
8137
8107
4069
7012
2430
9641
6182
8525
4897
6749
7535
9557
1555
5283
9563
8021
9670
2457
146
1855
1291
10523
3443
1558
8633
6539
10429
10384
5964
4262
5870
707
896
731
1068
6041
8701
9025
10246
3083
5302
2897
2035
229
6072
9632
5064
8189
7178
9409
338
2711
5824
7204
683
3531
1577
3472
10373
5235
9238
5686
10334
4881
1747
3905
7453
3578
8264
5331
5005
9541
4251
8591
9746
3196
6983
4259
995
3182
5128
3551
8916
2766
4317
8193
9434
9477
4859
8917
8718
62
6765
1559
4596
9605
7716
10415
2986
801
5804
53
4159
3426
351
5871
6975
7064
10606
9782
8165
6716
9066
3089
9977
4249
9109
7458
3537
59
10639
4058
8120
2310
6081
4601
10129
6550
8043
8349
2635
2003
7437
4868
6101
5468
5708
8068
2236
7511
5991
6701
10221
4997
5104
6713
9844
2393
4718
2292
3603
5784
3557
2598
10252
8141
5967
436
7157
9854
6111
10570
10285
6173
4090
7478
1245
6433
10360
2083
9529
9697
4220
3072
3877
2695
2926
5716
8319
9203
3063
8650
2169
8448
4856
1743
1456
617
10012
4019
3431
4645
1572
6469
9379
8187
5073
2696
7071
8381
8570
1841
2487
3330
10106
8312
1216
8555
8099
5443
1934
759
2883
2503
1982
120
1452
1354
1081
2067
8181
8205
10643
9076
9013
6631
1434
2250
4566
9924
9133
112
3808
8
2101
403
8334
4557
6661
7730
4639
5472
9572
1802
2790
8982
1911
8345
7197
5902
6808
5633
7414
9724
5139
2481
1738
8246
4663
2744
1329
1493
910
2450
1135
5028
9878
4403
733
3671
916
8994
6925
8936
2291
4270
5456
4322
7925
6852
10340
9762
10454
2437
6274
7145
2451
8029
1521
3227
5340
2691
10081
5922
8190
6279
4070
4838
9545
1556
6492
761
623
3483
7365
7957
10141
6640
6334
6709
2126
6267
8599
5066
10591
3664
1303
3635
2464
7876
4717
10144
6040
5954
952
7624
378
2749
4702
1585
10430
130
1547
2869
10651
2179
3595
3651
7257
8359
3067
4871
6160
1350
9621
2109
6894
95
10251
7438
2826
7496
10462
7843
6972
5233
9428
10050
3509
4872
3654
2376
5451
2170
3547
7302
7317
2689
10574
3678
7559
10505
10297
6970
6678
6835
4332
8034
5938
9188
10288
10441
102
3054
3168
4231
7869
742
2054
2618
2546
8306
7979
7851
760
5435
9095
6723
5499
4738
401
10245
5526
6600
215
9571
1394
3013
10068
232
6684
5965
7031
3396
3682
5205
7617
339
5563
5796
3986
46
3742
7731
4774
288
8790
3492
6613
6374
253
7025
10439
8557
6264
4892
6122
4258
8389
5080
4757
9424
3037
8705
9596
1710
10697
389
4383
3398
10638
9140
10263
7171
2750
3967
4864
5774
10629
4691
3329
4039
7151
4521
994
4534
6577
7307
1130
2413
3039
4525
9380
6950
9478
7982
3579
1849
1426
7703
4434
91
3291
521
728
3352
5793
8170
348
8975
8410
8014
10365
6973
9266
3028
10524
8862
1935
4891
3217
422
1835
5220
4729
10414
5310
573
7521
5493
9947
5492
5794
4276
9838
9104
2970
5532
2517
5813
2569
9687
3619
7641
10520
9405
2626
7744
1929
5594
7137
3976
10683
7645
8443
1511
9972
1937
10637
2501
7822
9015
709
9930
4814
10125
5984
7225
1507
10127
10037
5751
4088
6256
3254
6351
6350
8172
2091
9562
6957
1956
1430
3288
6330
6579
9276
4087
4488
5994
3752
10092
8756
6610
9726
6699
566
3764
5416
2524
4366
8762
4311
4065
7446
4007
6091
7643
7951
7277
8136
8009
8020
493
7161
6380
3714
9365
6927
2173
6946
6050
4962
7692
1003
1904
3890
1845
4953
9674
1815
7483
3116
3447
670
1957
6221
4196
3935
5641
1542
2981
5030
1170
9320
10026
2369
3246
8765
864
7211
5757
3962
2195
6527
6277
138
1965
1795
6296
762
7633
1323
44
5765
4373
7576
8757
4337
6790
955
8660
662
3751
412
6616
1276
7983
5854
3401
2976
3617
9004
4732
2709
153
5270
1858
3036
7555
8854
2076
5894
6463
580
4278
4948
6583
8440
5151
1014
4743
6641
10260
8531
5404
4473
3958
755
7644
7218
10219
2258
3645
6275
6284
5088
8589
1112
3160
1481
791
1141
5276
10058
7656
2174
8941
5792
3155
3535
4677
9199
3027
8988
9103
9767
2488
3628
3901
1282
6254
5701
8865
535
9450
608
8667
5292
1093
7103
9686
5957
9718
6187
10190
159
6418
6688
4763
1560
4325
3171
3007
3220
4033
5975
8795
9798
1224
7886
5786
4344
8767
2215
28
7392
1889
997
2999
4333
2967
3719
9483
6
4836
1984
8396
3810
1149
6174
9033
1948
883
2189
3908
10630
9469
3782
1053
1363
419
3276
7868
5177
1719
7052
5196
10466
8909
5609
9918
4051
6234
4472
10187
3173
9773
1389
8204
1788
2264
7825
1487
10268
4268
8564
4315
4764
5896
9610
2893
140
7955
3273
524
1165
538
2880
2295
2782
8511
6135
3815
7087
5828
9474
3484
4603
1823
3309
9331
8828
72
8245
2177
175
4438
3715
4755
9784
4410
3700
4802
6360
61
6266
1887
4460
3776
7094
8609
8964
2401
8079
2777
3425
8535
1838
5884
2852
6001
244
1467
321
2057
927
8694
7010
8529
10227
6873
7135
6654
5635
1949
9154
8024
4741
3415
50
5808
1699
1096
1621
6593
2311
8737
5783
1571
7460
5430
2019
4516
7691
519
6100
2878
3906
7678
758
4556
7918
7334
9446
7600
4889
10684
4522
9646
3385
2378
9940
5688
1347
2729
2665
3094
1340
318
5062
7837
2120
2165
3481
5090
5679
10719
2611
3421
6440
150
4227
653
10417
4036
131
1754
5857
1974
305
2380
5936
1368
9303
8712
3903
9709
9584
9396
10592
2465
4658
2536
7742
6687
7370
7487
4573
10549
2802
10083
9899
3195
5485
5279
6913
1417
1438
6176
4355
5823
9513
1508
5342
9850
7574
9592
3334
2609
8065
6985
9017
8601
10119
9849
3823
5347
2111
10311
8617
1502
8866
4301
9327
2684
7537
1619
5442
9616
6565
9654
7706
9578
2367
3970
3534
7471
6698
10044
276
4310
9189
9991
337
4289
5542
8949
10046
217
736
8681
7286
6645
1097
9410
3399
8007
536
5001
5845
8274
4101
1379
6869
2354
9781
7545
8870
2672
5904
3843
6916
8208
7441
9707
3237
2469
7932
1768
2512
10594
345
3559
10319
7154
1427
4091
4704
4632
4123
3437
1668
3310
10705
2491
2551
6253
4917
7651
8199
9738
5958
2119
7199
545
7926
853
3998
5180
8713
7481
7679
964
7850
2973
6704
5333
8399
7070
6540
3795
3518
1157
10157
5707
9338
7771
5325
6552
10496
5455
9653
5424
4495
1075
5417
3956
7766
9110
8495
5140
3295
7172
7174
2038
5529
5306
10231
7449
649
2267
6154
6194
4207
7256
4527
3515
8129
8636
10236
5728
9457
3253
6845
10336
10725
5083
903
2602
4378
5559
5911
8884
7807
5758
7875
6441
1786
4081
1539
8741
36
6788
6461
1321
6399
6830
6511
7734
3841
66
2715
8493
2574
1372
10017
7422
9048
1234
9200
7781
3222
4726
6734
4137
3784
3243
1002
1288
3429
807
2507
3951
3990
5872
10423
8295
3675
9506
9613
5513
6428
9881
5486
9119
2362
9222
10270
6555
4832
4180
1355
8715
8478
5844
8102
9284
2433
1763
7854
9860
2110
3446
3915
2735
2364
1212
4218
1543
7613
7752
6642
7558
5187
4026
10579
9751
4737
9176
5266
1772
6964
6666
1774
7694
2804
8761
4584
2272
9337
9465
8394
10213
4971
10055
4818
7155
8856
4027
5935
8709
4714
846
1490
5698
78
1782
4706
8508
4339
9526
9083
4242
198
10036
582
5763
2788
7393
7179
3115
6638
2697
9542
7126
9267
2222
8842
1357
951
3688
7993
753
6932
3178
4001
3949
6042
1665
9305
6612
4084
1140
1424
10483
6163
6414
6064
10069
5977
9981
10180
8569
8242
3045
3092
5745
2737
4037
6752
9631
598
4541
6607
7761
10361
4474
4589
7238
2505
10460
1472
4103
5579
1476
9045
2889
4728
6548
5820
5141
3075
5118
3738
3947
4205
4077
10389
5544
4356
2229
10452
2082
4127
124
10530
5639
3872
9458
4893
8447
8732
5105
4523
8727
6785
3804
6420
6863
10387
921
9739
309
7169
5018
6009
8095
1964
10237
9778
9433
9639
7344
9413
3041
7415
3912
1912
7566
10078
1203
7928
775
9250
7326
7262
8735
4995
2
7990
1821
4126
5797
8598
9602
1688
2371
7261
9374
3418
8379
3832
323
6452
9665
8550
7038
1313
7295
3598
2240
243
3883
9785
1055
4811
4586
4423
9735
4028
2320
5046
10116
2607
1563
4860
4143
7301
8405
6252
562
8332
10470
8542
8028
4357
8676
3881
1662
10277
306
533
6817
9234
6449
2064
2180
4746
8873
654
8895
4769
5648
3997
3197
931
3897
7588
4181
6912
9252
9326
5673
770
2824
2015
9995
1222
9921
6570
6462
2639
2087
6425
2954
5170
1606
3035
7426
877
10274
6549
471
6563
698
8419
2341
9580
10312
2660
9402
5358
298
8693
6906
4634
8098
1625
6525
8062
10456
5388
7227
6728
6000
5398
8596
9480
10343
2603
6162
4990
4492
3215
7808
43
8804
2523
8934
9683
3208
6357
1726
8026
960
8839
10350
3644
1335
893
5271
10238
5246
5445
2178
3023
6300
3465
6393
7376
3180
6967
7760
6398
4168
4572
5791
10335
260
2013
103
6726
973
8872
961
6346
2159
2934
355
1442
925
6923
3599
5725
4029
6510
4418
1033
5181
1471
9311
4659
1322
2584
3802
3493
1736
3133
9035
12
7661
4345
10282
1630
6575
8025
10117
1684
7884
8218
9169
1775
4463
1359
4136
9809
5782
10424
9352
993
2374
5484
6446
4156
4542
10171
9774
540
1330
9640
4425
8585
7485
6866
3252
6343
1617
4998
7165
377
3151
2988
1969
6784
8363
5434
3848
5653
1444
133
16
2453
3750
5359
1498
7402
1415
9053
98
3286
2997
8583
10332
4511
3049
1386
5175
5285
8477
6312
3668
311
10289
10614
5855
1252
380
5951
8058
2470
8682
6543
5590
2062
5185
257
6876
48
2597
2577
5981
8983
3772
4089
7202
1361
1932
6071
9231
9400
9454
8933
6130
9793
7060
8829
4578
9181
4720
6238
7072
7985
798
6096
10547
4040
3775
3337
5299
10521
1884
5216
1633
3194
8528
1172
247
4950
9226
10723
7433
8272
8303
10620
8293
1594
9802
365
8561
8876
10443
10104
5517
3219
10195
6157
1529
3613
8357
10232
5092
4131
6739
8114
2945
3813
9800
2187
4012
9437
6056
4313
3607
10569
4912
5762
10707
9131
4816
7431
3486
3114
10728
9274
5448
7904
10399
1387
10318
10210
5515
9975
10500
4528
5569
5942
792
4900
8134
4938
185
8651
7995
4201
1374
8768
4177
7001
6011
2900
9499
7527
2771
982
7575
7686
6338
6181
9582
9431
5816
7494
10416
5097
1158
8835
2786
8176
3485
8831
7366
4628
4208
7947
3318
491
6955
2058
5161
470
1907
8087
5799
1567
6829
2502
9459
9383
3991
2248
7427
5670
6805
4674
1025
10292
3249
2305
8033
4217
5052
2414
94
4909
3128
10153
4477
1214
5999
2285
4631
7795
9171
7930
6010
9731
8921
5810
1894
10064
8979
3142
4212
9551
6836
1145
5533
884
9638
873
3930
4497
837
4163
7355
7447
7117
10222
6590
6546
3165
8496
9489
8502
6523
4748
855
9870
3657
8832
3438
6491
7723
5850
6115
4020
6385
5367
5116
5421
7965
3263
8698
8736
8886
2050
7003
803
1188
1568
10385
10341
5146
3380
1678
4945
7911
4068
2516
5752
2867
8497
10717
4044
9339
6443
1315
1748
2077
1758
8475
8565
1589
4478
7506
6293
7413
8685
101
5103
123
6388
6408
6760
9342
4142
5082
6112
4809
3042
7929
2829
1147
7159
6183
6487
2093
9161
4232
7956
9324
1981
6049
599
2300
8805
1616
10169
1651
5618
7119
7897
488
3358
10464
5803
10345
1273
4786
1998
8464
7221
2045
5222
10410
2158
6541
6105
1399
4343
10265
9167
7669
5510
6065
4518
9597
1280
5719
1656
865
1416
4307
945
2358
9277
5652
4577
1281
1423
4672
4452
5436
6961
6755
4805
8793
3327
7230
5862
10646
779
7495
9486
5183
8053
1314
4085
25
1307
5480
3120
1400
5713
7105
7652
1793
5995
1114
3479
9300
4540
7468
7466
7059
4924
3929
3580
2594
5297
1095
9148
7646
9620
8093
7608
7667
7724
9841
330
3146
6243
10676
4926
8057
5337
1009
1435
9419
8220
10173
8082
9698
122
4491
9024
8185
6116
35
3783
8232
5516
9593
480
10402
9938
10339
328
2352
3177
86
7711
9712
2223
2751
5989
4398
6402
4297
8944
7862
2710
869
1445
4236
7657
6671
7353
6502
6978
3303
4209
10675
6969
9633
4432
711
4014
7421
5842
2686
4543
10052
6515
857
4565
10548
9362
1366
8384
5093
1048
4329
4108
7797
984
1722
2811
4272
600
6897
7687
10576
6705
408
9876
6794
5124
679
5096
6342
7526
1332
7596
2894
1146
8240
9381
1834
6691
9031
3609
4594
10267
2974
3193
2996
6803
1618
7114
8519
9608
3737
3781
8258
3974
8836
9609
5223
7708
7383
7782
7557
8521
9067
1425
3144
3850
6938
554
5598
1510
6098
9965
1646
457
3018
384
2958
682
8748
10315
3026
7475
6715
8919
6630
1749
361
1994
21
8416
7226
6145
188
5034
2585
8254
1527
9198
7560
4098
2280
10562
9664
5012
5600
8874
10721
10669
9817
8310
9780
10147
4629
1207
482
4597
4414
7974
8638
6883
7062
4385
3771
9309
6127
956
10510
2417
7240
5889
1897
1953
8751
3082
2699
10262
2874
5898
532
8875
5681
9077
2435
2424
5748
9290
911
6270
8420
164
3500
10528
8491
5583
9796
6706
5706
5656
4386
5801
8688
996
10647
3121
8952
1917
1115
9282
1144
3830
9476
3457
7180
6717
81
2906
5754
5020
4885
1819
4189
6979
1751
4947
10375
6959
10349
5361
2809
3347
2011
517
3020
8461
3822
5634
8231
2172
2208
2373
6180
6499
6155
9314
4269
1820
3907
9783
2008
8287
8195
5074
2140
4865
4031
5265
128
4701
4335
10398
1401
6828
6797
9883
5971
3339
10511
9121
1483
469
4277
579
6513
6679
7396
7444
1578
1113
9729
1899
7289
4533
8880
7423
4175
2717
2571
6489
6578
8088
1963
6477
1727
9510
8041
5882
9957
111
1532
7084
9445
5582
1311
6727
9533
9255
9792
80
4795
7474
7428
9848
4411
2629
965
10386
8288
4281
75
5147
199
8690
8635
1575
7322
4151
6387
2315
9065
2089
815
8668
2620
10233
625
7830
6746
2306
1814
10458
4610
10379
7909
9285
3918
3055
9263
3047
4115
2935
3280
1446
9040
813
1548
240
4951
914
957
1690
3211
10042
3048
1451
7140
10677
1178
2871
4862
1962
4975
10599
6201
7647
1036
9039
2303
7578
3113
4787
7098
6777
4095
8470
835
208
833
4640
58
9449
2405
8679
8425
3964
5193
1227
5438
5219
2701
10095
7340
2796
2687
5887
8905
4105
2685
1544
5317
10123
3923
10362
8622
790
1997
7561
7794
8501
429
9522
8947
605
3379
3954
946
10212
7193
4184
2486
4623
1991
6625
5207
10536
6280
1491
3225
1927
7821
3601
8858
4436
2556
7356
4239
8653
5602
5323
9099
9903
7878
1411
9439
10211
1902
6799
118
4981
2624
10575
4972
9495
4668
4351
6854
2395
4758
1284
4118
4300
7616
634
2848
7335
2351
6792
7125
7480
5158
7095
3794
3679
2834
462
6167
3454
5462
8582
3324
2108
1804
7129
2017
942
6426
2831
310
962
6748
954
2328
5353
4293
7121
8923
3687
3051
34
7266
4735
7893
3367
2915
10266
8963
550
4
9187
7827
7567
4043
7088
10331
1705
3753
6725
8763
606
6618
6971
2141
739
5623
6648
2705
3093
10558
3666
7530
7228
8827
4303
5893
9552
838
5931
4804
6735
3788
9963
3003
7693
3724
10323
9496
656
744
5749
1074
106
5081
10645
841
4380
3545
3821
1049
10729
347
2739
5173
4800
3530
8950
3351
3172
9642
3212
7542
9022
4359
6870
9295
7338
2538
9086
847
4440
1250
5053
4760
5047
8052
10713
1623
5316
1001
6066
7050
3634
4633
5831
4688
860
5750
10054
8400
4679
9116
4299
5108
2532
766
6379
9590
9805
8173
3780
7176
7463
7032
5255
8980
8423
7792
1339
10032
6952
2155
2673
1255
2821
9984
9573
4402
4396
2740
1735
1989
3516
2389
7267
9720
5133
7057
8852
4943
3355
6759
3186
1685
5800
1274
7920
9694
737
9692
508
6006
4721
8011
10269
1569
251
7234
335
1696
4121
6567
6325
5444
8183
650
3853
7639
5395
611
1167
3702
2955
5240
8292
3251
1787
2288
3602
10094
1032
4129
6453
5509
6381
5727
1470
7245
2668
2136
989
10347
10018
4059
3690
9857
2561
8857
5368
6793
7677
7831
10703
5693
7540
5197
717
666
1027
9808
485
2398
4861
6769
1031
2785
503
9466
7671
7518
6012
4635
8131
8906
2281
3157
5940
2277
315
2227
7964
9845
4341
5655
10694
2596
3999
4223
7824
1059
1236
1983
5449
5806
373
2587
3434
6730
3202
868
6988
8967
10154
6853
5350
10652
10607
1337
4371
5651
2333
8449
7247
2400
9340
5734
9747
7206
8771
5921
2415
1480
5703
10710
9042
8271
3478
3187
5663
740
9029
4696
10671
9853
4073
3863
9997
7826
4707
5760
3368
9299
10240
2850
7254
2010
2846
774
552
8059
958
7973
7568
7160
8750
2923
5864
7971
5572
3040
8606
8566
5671
8707
7501
6812
3896
4583
699
3087
3328
9046
4392
7362
7587
8202
5567
6658
10499
2916
3432
1262
5014
2344
9617
4602
4255
5906
68
1272
3456
1951
9078
6655
5237
913
6067
6482
5191
8392
8817
2568
10453
10022
10481
8783
3175
9907
10346
6695
8036
4149
9544
6339
9292
10560
3512
10197
5349
8958
8213
7183
8824
127
7625
9127
6750
724
8747
9863
10581
2722
9456
5491
4443
1184
7980
1094
3975
8572
3232
7142
2841
1494
4537
4600
5674
2783
383
3704
7293
8152
629
2122
6588
10465
3854
5463
8078
5819
4812
1649
6464
3656
9891
8309
6801
6269
5019
2406
7341
6118
2797
1639
5697
4264
694
4687
7551
8142
322
3864
3825
1592
461
1240
5970
8586
3435
8863
1947
3807
4320
3297
6289
5272
799
183
715
971
9185
9422
4882
6075
9801
7164
3260
8943
6128
9106
2084
8912
10109
974
6677
9945
10446
4759
2207
7467
2950
3563
6907
8354
1844
2198
10099
8813
3316
9075
1119
10304
3154
6281
7769
527
3145
7509
4644
5939
1767
415
10002
5807
4194
1064
8071
7033
856
6576
9913
3179
5539
7250
4667
1590
2993
6589
5587
4849
1402
2449
6562
9074
2947
7505
2847
5234
2914
3034
8286
3495
9861
265
10664
3185
7296
3624
5410
7907
6902
4364
3517
289
10074
7389
3433
6514
5125
9401
3021
10488
8125
263
3057
3564
1076
4122
4498
1249
8931
3817
5431
274
5224
7642
1257
7765
2881
4968
1882
3980
10455
1980
10342
3296
6867
8038
3910
2133
2667
7512
5680
5947
2924
4681
42
332
802
3973
7049
4733
3866
8526
2404
3293
490
7607
7922
10447
7058
9096
7636
7903
2056
4465
9788
2477
1045
7978
437
6197
609
4314
876
5512
6034
3356
5743
9831
5007
6429
6018
230
4389